1711127206486 0.0 0
1711127263440 0.0 1
1711127317972 0.0 2
1711127371602 0.0 3
1711127427561 0.0 4
1711127483347 0.0 5
1711127539419 0.0 6
1711127594538 0.0 7
1711127650039 0.0 8
1711127705637 0.0 9
1711127762119 0.0 10
1711127818408 0.0 11
1711127874237 0.0 12
1711127929550 0.0 13
1711127984103 0.0 14
1711128040527 0.0 15
1711128096845 0.0 16
1711128159505 0.0 17
1711128218092 0.0 18
1711128277606 0.0 19
1711128335959 0.0 20
1711128394030 0.0 21
1711128455390 0.0 22
1711128512349 0.0 23
1711128570435 0.0 24
1711128628372 0.0 25
1711128685777 0.0 26
1711128743616 0.0 27
1711128799262 0.0 28
1711128856676 0.0 29
1711128912620 0.0 30
1711128968090 0.0 31
1711129025986 0.0 32
1711129082492 0.0 33
1711129139040 0.0 34
1711129195396 0.0 35
1711129253564 0.0 36
1711129310216 0.0 37
1711129368241 0.0 38
1711129421229 0.0 39
1711129473945 0.0 40
1711129526199 0.0 41
1711129578787 0.0 42
1711129631322 0.0 43
1711129683695 0.0 44
1711129736101 0.0 45
1711129788769 0.0 46
1711129841042 0.0 47
1711129894547 0.0 48
1711129946660 0.0 49
