1711127206485 0.18806074559688568 0
1711127263440 0.21265560388565063 1
1711127317972 0.1791306436061859 2
1711127371601 0.20967188477516174 3
1711127427560 0.20120379328727722 4
1711127483346 0.17441490292549133 5
1711127539419 0.21028481423854828 6
1711127594538 0.20941095054149628 7
1711127650039 0.20189763605594635 8
1711127705637 0.19915717840194702 9
1711127762119 0.22095002233982086 10
1711127818408 0.19775176048278809 11
1711127874237 0.19835157692432404 12
1711127929550 0.20221595466136932 13
1711127984103 0.2510470151901245 14
1711128040527 0.20201605558395386 15
1711128096845 0.21508626639842987 16
1711128159505 0.2097569853067398 17
1711128218092 0.17983287572860718 18
1711128277606 0.1902611255645752 19
1711128335958 0.20265302062034607 20
1711128394030 0.1887248307466507 21
1711128455390 0.21326446533203125 22
1711128512349 0.20403456687927246 23
1711128570435 0.21812184154987335 24
1711128628372 0.19564439356327057 25
1711128685776 0.20944012701511383 26
1711128743616 0.18736810982227325 27
1711128799262 0.21149493753910065 28
1711128856676 0.19803479313850403 29
1711128912619 0.19870561361312866 30
1711128968089 0.20239315927028656 31
1711129025986 0.19767607748508453 32
1711129082492 0.1982237547636032 33
1711129139040 0.20331300795078278 34
1711129195395 0.21912266314029694 35
1711129253564 0.1915505826473236 36
1711129310215 0.2289252132177353 37
1711129368241 0.2071908861398697 38
1711129421229 0.20638838410377502 39
1711129473945 0.2028331756591797 40
1711129526199 0.19308504462242126 41
1711129578787 0.19020211696624756 42
1711129631322 0.19454407691955566 43
1711129683694 0.19078713655471802 44
1711129736101 0.19919714331626892 45
1711129788768 0.20380911231040955 46
1711129841041 0.21012410521507263 47
1711129894547 0.19558285176753998 48
1711129946660 0.2139590084552765 49
