1711127206486 2.126326084136963 0
1711127263440 1.8129570484161377 1
1711127317973 1.8426939249038696 2
1711127371602 1.746231198310852 3
1711127427561 1.7758336067199707 4
1711127483347 1.8038878440856934 5
1711127539420 1.7234241962432861 6
1711127594538 1.7145501375198364 7
1711127650039 1.740907907485962 8
1711127705638 1.7349181175231934 9
1711127762120 1.688991665840149 10
1711127818408 1.7607766389846802 11
1711127874237 1.7373048067092896 12
1711127929551 1.7202435731887817 13
1711127984103 1.7208127975463867 14
1711128040527 1.7164640426635742 15
1711128096845 1.7262823581695557 16
1711128159505 1.699110507965088 17
1711128218092 1.7586029767990112 18
1711128277606 1.7438656091690063 19
1711128335959 1.6941684484481812 20
1711128394031 1.7247822284698486 21
1711128455391 1.700632095336914 22
1711128512349 1.709191918373108 23
1711128570435 1.7045364379882812 24
1711128628372 1.7080256938934326 25
1711128685777 1.7157126665115356 26
1711128743617 1.7580511569976807 27
1711128799262 1.6715641021728516 28
1711128856676 1.6901472806930542 29
1711128912620 1.6939247846603394 30
1711128968090 1.7003936767578125 31
1711129025987 1.7257879972457886 32
1711129082492 1.719354510307312 33
1711129139040 1.7333682775497437 34
1711129195396 1.6922029256820679 35
1711129253564 1.7203220129013062 36
1711129310216 1.6772810220718384 37
1711129368241 1.701295018196106 38
1711129421229 1.7054908275604248 39
1711129473945 1.6943479776382446 40
1711129526200 1.7452635765075684 41
1711129578787 1.7127659320831299 42
1711129631323 1.713329553604126 43
1711129683695 1.7083817720413208 44
1711129736102 1.6871148347854614 45
1711129788769 1.7094700336456299 46
1711129841042 1.6811226606369019 47
1711129894547 1.6898298263549805 48
1711129946660 1.6749800443649292 49
