1711127206485 2.314387083053589 0
1711127263439 2.0256128311157227 1
1711127317972 2.021824598312378 2
1711127371601 1.9559029340744019 3
1711127427560 1.9770373106002808 4
1711127483346 1.9783027172088623 5
1711127539418 1.9337090253829956 6
1711127594537 1.92396080493927 7
1711127650039 1.9428054094314575 8
1711127705637 1.9340754747390747 9
1711127762119 1.9099417924880981 10
1711127818407 1.9585280418395996 11
1711127874236 1.9356565475463867 12
1711127929550 1.9224599599838257 13
1711127984102 1.9718599319458008 14
1711128040527 1.9184800386428833 15
1711128096844 1.941368579864502 16
1711128159504 1.908867359161377 17
1711128218092 1.9384355545043945 18
1711128277605 1.9341267347335815 19
1711128335958 1.8968216180801392 20
1711128394030 1.913507103919983 21
1711128455390 1.9138965606689453 22
1711128512349 1.91322660446167 23
1711128570434 1.9226583242416382 24
1711128628371 1.9036701917648315 25
1711128685776 1.9251530170440674 26
1711128743616 1.9454193115234375 27
1711128799261 1.8830592632293701 28
1711128856676 1.8881820440292358 29
1711128912619 1.8926304578781128 30
1711128968089 1.9027867317199707 31
1711129025986 1.923464059829712 32
1711129082492 1.917578101158142 33
1711129139039 1.9366813898086548 34
1711129195395 1.911325454711914 35
1711129253564 1.9118728637695312 36
1711129310215 1.9062063694000244 37
1711129368241 1.9084858894348145 38
1711129421229 1.911879301071167 39
1711129473945 1.8971811532974243 40
1711129526199 1.9383487701416016 41
1711129578786 1.902967929840088 42
1711129631322 1.9078736305236816 43
1711129683694 1.8991687297821045 44
1711129736101 1.8863117694854736 45
1711129788768 1.9132792949676514 46
1711129841041 1.8912466764450073 47
1711129894546 1.8854129314422607 48
1711129946659 1.8889389038085938 49
