1711121859582 0.0 0
1711121906913 0.0 1
1711121952572 0.0 2
1711121998723 0.0 3
1711122049869 0.0 4
1711122097158 0.0 5
1711122144140 0.0 6
1711122190233 0.0 7
1711122237890 0.0 8
1711122284819 0.0 9
1711122335003 0.0 10
1711122385839 0.0 11
1711122436014 0.0 12
1711122486270 0.0 13
1711122537612 0.0 14
1711122588032 0.0 15
1711122640916 0.0 16
1711122694910 0.0 17
1711122749117 0.0 18
1711122803938 0.0 19
1711122858358 0.0 20
1711122912968 0.0 21
1711122967906 0.0 22
1711123023762 0.0 23
1711123083423 0.0 24
1711123140198 0.0 25
1711123194643 0.0 26
1711123253091 0.0 27
1711123310717 0.0 28
1711123367917 0.0 29
1711123424064 0.0 30
1711123477697 0.0 31
1711123528852 0.0 32
1711123580224 0.0 33
1711123632593 0.0 34
1711123685845 0.0 35
1711123737255 0.0 36
1711123789335 0.0 37
1711123842244 0.0 38
1711123895175 0.0 39
1711123944284 0.0 40
1711123994157 0.0 41
1711124048691 0.0 42
1711124113184 0.0 43
1711124175262 0.0 44
1711124223197 0.0 45
1711124269148 0.0 46
1711124315720 0.0 47
1711124366503 0.0 48
1711124420872 0.0 49
