1711121859582 0.14600591361522675 0
1711121906913 0.1469288170337677 1
1711121952572 0.14651723206043243 2
1711121998722 0.14480464160442352 3
1711122049868 0.14354591071605682 4
1711122097157 0.14420562982559204 5
1711122144140 0.14339476823806763 6
1711122190232 0.14409150183200836 7
1711122237889 0.14293332397937775 8
1711122284818 0.1415930539369583 9
1711122335002 0.14264090359210968 10
1711122385838 0.14456909894943237 11
1711122436014 0.14227302372455597 12
1711122486269 0.14209403097629547 13
1711122537612 0.14179223775863647 14
1711122588031 0.14184141159057617 15
1711122640915 0.14110766351222992 16
1711122694910 0.1428118199110031 17
1711122749116 0.14170251786708832 18
1711122803938 0.14298377931118011 19
1711122858358 0.14099188148975372 20
1711122912968 0.1411903202533722 21
1711122967904 0.14159643650054932 22
1711123023761 0.14071336388587952 23
1711123083423 0.14572519063949585 24
1711123140198 0.14395056664943695 25
1711123194642 0.14203006029129028 26
1711123253090 0.14204126596450806 27
1711123310715 0.14491024613380432 28
1711123367916 0.14693184196949005 29
1711123424062 0.14506681263446808 30
1711123477696 0.1451694816350937 31
1711123528851 0.14548490941524506 32
1711123580223 0.14571785926818848 33
1711123632593 0.14486466348171234 34
1711123685843 0.14506414532661438 35
1711123737254 0.14480462670326233 36
1711123789334 0.1447775810956955 37
1711123842243 0.14487431943416595 38
1711123895174 0.14495575428009033 39
1711123944283 0.14499182999134064 40
1711123994156 0.1453939974308014 41
1711124048690 0.1446751058101654 42
1711124113183 0.1449154168367386 43
1711124175261 0.14546437561511993 44
1711124223196 0.14465253055095673 45
1711124269147 0.14466486871242523 46
1711124315719 0.1449056714773178 47
1711124366503 0.14458595216274261 48
1711124420871 0.14500103890895844 49
